   -85.000 -897051.507087
   -95.000 -897050.222751
  -105.000 -897049.245191
  -115.000 -897048.969304
  -125.000 -897050.047193
  -135.000 -897049.453224
  -145.000 -897048.795314
  -155.000 -897048.086986
  -165.000 -897040.694905
  -175.000 -897046.801904
   175.000 -897045.334235
   165.000 -897037.898605
   155.000 -897041.454044
   145.000 -897041.566805
   135.000 -897047.205363
   125.000 -897049.157593
   115.000 -897046.942426
   105.000 -897047.728526
    95.000 -897048.276200
    85.000 -897050.102662
    75.000 -897050.173016
    65.000 -897049.736065
    55.000 -897049.887185
    45.000 -897044.670239
    35.000 -897042.906603
    25.000 -897041.227184
    15.000 -897039.945295
     5.000 -897039.305510
    -5.000 -897039.523293
   -15.000 -897040.518066
   -25.000 -897042.128131
   -35.000 -897045.989259
   -45.000 -897048.782985
   -55.000 -897050.796251
   -65.000 -897052.280623
   -75.000 -897052.068173
