         x          y          z
   -129.28      69.99       1.00
   -129.28     126.35       1.00
   -128.53      65.93       1.00
   -128.53     121.07       1.00
   -124.98     105.86       1.00
   -124.98     114.35       1.00
   -123.06     -66.87       1.00
   -123.06      75.58       1.00
   -122.58     -50.57       1.00
   -122.58      79.37       1.00
   -121.69     -55.73       1.00
   -121.69      84.69       1.00
   -115.90     -68.25       1.00
   -115.90      85.20       1.00
   -115.49     -73.96       1.00
   -115.49     167.20       1.00
   -112.80      84.96       1.00
   -112.80     170.82       1.00
   -112.16     -72.60       1.00
   -112.16      81.71       1.00
   -111.33     -74.24       1.00
   -111.33     165.99       1.00
   -110.19    -140.22       1.00
   -110.19      74.65       1.00
   -109.35    -167.63       1.00
   -109.35     111.84       1.00
   -109.26     -58.29       1.00
   -109.26     132.09       1.00
   -108.24     -76.61       1.00
   -108.24      81.24       1.00
   -107.92     -54.18       1.00
   -107.92     125.29       1.00
   -107.57     -52.43       1.00
   -107.57     176.30       1.00
   -106.18     -88.39       1.00
   -106.18      64.94       1.00
   -105.51     -66.34       1.00
   -105.51      89.85       1.00
   -105.15     -67.23       1.00
   -105.15      87.01       1.00
   -105.12     -83.91       1.00
   -105.12     -77.39       1.00
   -104.64     -72.07       1.00
   -104.64     -69.89       1.00
   -103.98     -93.95       1.00
   -103.98      75.60       1.00
   -103.85     -90.49       1.00
   -103.85      82.66       1.00
   -103.40     -63.31       1.00
   -103.40      70.39       1.00
   -103.01    -152.55       1.00
   -103.01      54.68       1.00
   -101.90     -61.79       1.00
   -101.90      85.71       1.00
   -101.69     -45.42       1.00
   -101.69      92.88       1.00
   -101.33     -52.73       1.00
   -101.33      64.24       1.00
   -101.25     -42.48       1.00
   -101.25     100.45       1.00
   -101.16     -58.38       1.00
   -101.16      97.02       1.00
   -101.12     -64.00       1.00
   -101.12      89.97       1.00
   -100.73      69.07       1.00
   -100.73      79.21       1.00
   -100.57     -99.32       1.00
   -100.57      72.01       1.00
   -100.51     -92.04       1.00
   -100.51      72.58       1.00
   -100.49      80.16       1.00
   -100.49      81.70       1.00
   -100.47     -68.45       1.00
   -100.47      98.65       1.00
   -100.45    -174.04       1.00
   -100.45      85.13       1.00
   -100.42      80.50       1.00
   -100.42     168.17       1.00
    -99.56    -111.72       1.00
    -99.56      94.32       1.00
    -99.33     -72.94       1.00
    -99.33      87.06       1.00
    -99.28     -81.20       1.00
    -99.28     -61.65       1.00
    -98.81    -155.26       1.00
    -98.81     -39.20       1.00
    -98.27    -157.95       1.00
    -98.27      76.39       1.00
    -98.24     -65.62       1.00
    -98.24     -56.37       1.00
    -97.45    -108.06       1.00
    -97.45      93.07       1.00
    -97.41    -174.48       1.00
    -97.41      80.33       1.00
    -97.36     -71.21       1.00
    -97.36      69.72       1.00
    -97.28    -151.94       1.00
    -97.28     -80.88       1.00
    -97.06    -147.58       1.00
    -97.06     102.16       1.00
    -97.03     -71.75       1.00
    -97.03      86.55       1.00
    -96.94     -97.57       1.00
    -96.94     -63.96       1.00
    -96.91     -91.05       1.00
    -96.91     -81.74       1.00
    -96.89     -87.41       1.00
    -96.89     -76.05       1.00
    -96.81     -96.18       1.00
    -96.81      53.47       1.00
    -96.58    -129.59       1.00
    -96.58     -69.48       1.00
    -96.57     -69.92       1.00
    -96.57     178.68       1.00
    -96.49     -44.44       1.00
    -96.49     106.50       1.00
    -96.48     -89.59       1.00
    -96.48     -70.02       1.00
    -96.30     -53.43       1.00
    -96.30     105.40       1.00
    -96.24     -91.16       1.00
    -96.24     -82.41       1.00
    -96.19     -51.38       1.00
    -96.19      64.77       1.00
    -96.15     -90.69       1.00
    -96.15     -69.25       1.00
    -96.05     -63.77       1.00
    -96.05     -60.22       1.00
    -95.97    -168.21       1.00
    -95.97    -115.81       1.00
    -95.92     -85.22       1.00
    -95.92     -44.38       1.00
    -95.87     -94.83       1.00
    -95.87     -71.32       1.00
    -95.76    -115.17       1.00
    -95.76      71.34       1.00
    -95.70     -91.36       1.00
    -95.70     -69.20       1.00
    -95.58    -172.49       1.00
    -95.58    -122.18       1.00
    -95.54      85.60       1.00
    -95.54     109.68       1.00
    -95.30    -101.28       1.00
    -95.30     -26.53       1.00
    -95.29     -63.42       1.00
    -95.29     -59.07       1.00
    -95.13    -168.94       1.00
    -95.13    -115.35       1.00
    -95.12    -150.38       1.00
    -95.12     -62.87       1.00
    -95.07    -173.90       1.00
    -95.07    -121.15       1.00
    -94.73     -67.16       1.00
    -94.73     173.75       1.00
    -94.71     -57.77       1.00
    -94.71     103.73       1.00
    -94.67    -101.76       1.00
    -94.67     -93.81       1.00
    -94.63    -149.93       1.00
    -94.63     -88.04       1.00
    -94.62     -78.15       1.00
    -94.62     -75.42       1.00
    -94.59    -107.40       1.00
    -94.59     -60.29       1.00
    -94.46     -83.07       1.00
    -94.46     151.08       1.00
    -94.29     -90.07       1.00
    -94.29      61.41       1.00
    -94.23     -41.34       1.00
    -94.23      76.15       1.00
    -94.03    -157.48       1.00
    -94.03      67.64       1.00
    -94.02    -100.05       1.00
    -94.02     -94.13       1.00
    -93.91     -81.35       1.00
    -93.91     -65.09       1.00
    -93.89    -116.77       1.00
    -93.89      97.74       1.00
    -93.77    -104.14       1.00
    -93.77     -77.51       1.00
    -93.76    -106.68       1.00
    -93.76     -66.50       1.00
    -93.60     -82.72       1.00
    -93.60      89.97       1.00
    -93.55    -121.06       1.00
    -93.55      98.14       1.00
    -93.42     -85.54       1.00
    -93.42     -73.89       1.00
    -93.39     -61.02       1.00
    -93.39      87.84       1.00
    -93.38     -98.58       1.00
    -93.38      53.92       1.00
    -93.38     -57.07       1.00
    -93.38      88.29       1.00
    -93.35     -83.41       1.00
    -93.35     -64.64       1.00
    -93.34    -103.12       1.00
    -93.34     -70.88       1.00
    -93.13    -162.95       1.00
    -93.13     142.61       1.00
    -93.08     -83.43       1.00
    -93.08     -75.22       1.00
    -93.04     -92.23       1.00
    -93.04     -53.02       1.00
    -93.03     -59.76       1.00
    -93.03     -43.02       1.00
    -93.02     -96.22       1.00
    -93.02     -64.83       1.00
    -93.00     -78.85       1.00
    -93.00     -60.81       1.00
    -92.98     -89.81       1.00
    -92.98     -85.88       1.00
    -92.90     -66.21       1.00
    -92.90     -57.72       1.00
    -92.85     -74.42       1.00
    -92.85     -46.03       1.00
    -92.84     -75.49       1.00
    -92.84     -48.94       1.00
    -92.79    -145.38       1.00
    -92.79     160.17       1.00
    -92.78    -118.25       1.00
    -92.78     100.95       1.00
    -92.76    -165.64       1.00
    -92.76    -109.43       1.00
    -92.61    -156.62       1.00
    -92.61     -70.65       1.00
    -92.61     -67.67       1.00
    -92.61     -55.17       1.00
    -92.60    -128.79       1.00
    -92.60     -60.34       1.00
    -92.57    -100.23       1.00
    -92.57     -52.76       1.00
    -92.37     -46.71       1.00
    -92.37     103.81       1.00
    -92.33     -90.40       1.00
    -92.33     -79.19       1.00
    -92.28     -59.29       1.00
    -92.28      92.80       1.00
    -92.27    -146.37       1.00
    -92.27     160.52       1.00
    -92.26    -101.18       1.00
    -92.26     -52.05       1.00
    -92.23    -162.83       1.00
    -92.23     161.08       1.00
    -92.16     -65.96       1.00
    -92.16     -52.52       1.00
    -92.12     -68.48       1.00
    -92.12     -66.09       1.00
    -91.99    -165.74       1.00
    -91.99     159.96       1.00
    -91.97    -103.13       1.00
    -91.97     -55.42       1.00
    -91.93     -93.44       1.00
    -91.93     -46.09       1.00
    -91.85    -108.41       1.00
    -91.85     -80.05       1.00
    -91.84     -91.63       1.00
    -91.84     -76.40       1.00
    -91.81     -75.32       1.00
    -91.81     -62.58       1.00
    -91.80     -92.77       1.00
    -91.80     -56.96       1.00
    -91.79     -80.34       1.00
    -91.79     -61.30       1.00
    -91.76     -54.35       1.00
    -91.76     -46.86       1.00
    -91.75    -164.36       1.00
    -91.75    -113.62       1.00
    -91.60     -54.29       1.00
    -91.60     -38.59       1.00
    -91.50     -93.67       1.00
    -91.50     -53.94       1.00
    -91.46    -148.04       1.00
    -91.46     155.72       1.00
    -91.42     -86.78       1.00
    -91.42     -57.78       1.00
    -91.40    -132.17       1.00
    -91.40     -79.97       1.00
    -91.30    -132.29       1.00
    -91.30     -78.93       1.00
    -91.27     -76.69       1.00
    -91.27     166.61       1.00
    -91.25     -65.65       1.00
    -91.25     -59.54       1.00
    -91.20    -103.04       1.00
    -91.20     154.18       1.00
    -91.15     -82.61       1.00
    -91.15     152.80       1.00
    -91.15    -164.05       1.00
    -91.15     164.27       1.00
    -91.09     -75.70       1.00
    -91.09     -54.54       1.00
    -91.08     -84.07       1.00
    -91.08     154.26       1.00
    -91.06     -63.89       1.00
    -91.06     -57.14       1.00
    -91.01     -78.18       1.00
    -91.01     -68.57       1.00
    -91.00     -92.39       1.00
    -91.00     -53.74       1.00
    -90.95     -69.30       1.00
    -90.95     -44.61       1.00
    -90.89    -109.35       1.00
    -90.89     -31.97       1.00
    -90.88     -59.25       1.00
    -90.88     -59.13       1.00
    -90.76     -74.84       1.00
    -90.76     -49.46       1.00
    -90.75     -79.24       1.00
    -90.75     -63.35       1.00
    -90.69     -68.53       1.00
    -90.69     -64.31       1.00
    -90.68     -67.09       1.00
    -90.68     -60.33       1.00
    -90.65     -94.02       1.00
    -90.65     -56.11       1.00
    -90.65    -144.89       1.00
    -90.65     170.10       1.00
    -90.64     -86.87       1.00
    -90.64     -69.45       1.00
    -90.62    -106.21       1.00
    -90.62     -68.41       1.00
    -90.52    -105.36       1.00
    -90.52     162.65       1.00
    -90.51    -127.47       1.00
    -90.51     148.02       1.00
    -90.44     -85.96       1.00
    -90.44     -77.24       1.00
    -90.41    -131.03       1.00
    -90.41     -53.47       1.00
    -90.36     150.34       1.00
    -90.36     169.54       1.00
    -90.21     -49.37       1.00
    -90.21     134.22       1.00
    -90.17     -68.19       1.00
    -90.17     -64.10       1.00
    -90.16     -80.96       1.00
    -90.16     -59.11       1.00
    -90.07    -101.47       1.00
    -90.07     -96.05       1.00
    -90.06     -55.62       1.00
    -90.06     -19.33       1.00
    -90.05     -94.73       1.00
    -90.05     -57.49       1.00
    -90.02    -161.62       1.00
    -90.02     162.58       1.00
    -90.01     -41.07       1.00
    -90.01      92.11       1.00
    -90.01    -103.41       1.00
    -90.01     -71.18       1.00
    -89.95     -71.53       1.00
    -89.95     -64.52       1.00
    -89.95    -109.06       1.00
    -89.95     160.46       1.00
    -89.92    -161.44       1.00
    -89.92    -117.13       1.00
    -89.87     -85.47       1.00
    -89.87      86.16       1.00
    -89.85    -170.83       1.00
    -89.85    -166.13       1.00
    -89.81     -99.16       1.00
    -89.81     -75.27       1.00
    -89.80     -90.94       1.00
    -89.80     -65.76       1.00
    -89.78     -64.01       1.00
    -89.78     -61.33       1.00
    -89.68     -97.87       1.00
    -89.68     107.88       1.00
    -89.65    -152.07       1.00
    -89.65     -89.34       1.00
    -89.65     -51.89       1.00
    -89.65     138.55       1.00
    -89.64     -32.15       1.00
    -89.64     173.39       1.00
    -89.63     -88.38       1.00
    -89.63     -84.10       1.00
    -89.60     -87.40       1.00
    -89.60     -79.59       1.00
    -89.54    -153.79       1.00
    -89.54     167.68       1.00
    -89.53    -138.14       1.00
    -89.53     -82.42       1.00
    -89.52    -164.87       1.00
    -89.52     -99.05       1.00
    -89.52    -111.86       1.00
    -89.52     -58.96       1.00
    -89.52     -61.28       1.00
    -89.52     -48.43       1.00
    -89.48     -84.07       1.00
    -89.48     -64.65       1.00
    -89.43    -159.96       1.00
    -89.43     173.80       1.00
    -89.37     -83.37       1.00
    -89.37     -61.22       1.00
    -89.31     -71.74       1.00
    -89.31     -64.04       1.00
    -89.25     -87.80       1.00
    -89.25     -68.53       1.00
    -89.23     -85.51       1.00
    -89.23     -12.43       1.00
    -89.20     -52.73       1.00
    -89.20     174.89       1.00
    -89.19    -103.68       1.00
    -89.19     -60.32       1.00
    -89.14    -152.04       1.00
    -89.14     -97.52       1.00
    -89.10     -64.52       1.00
    -89.10     170.97       1.00
    -89.09    -148.16       1.00
    -89.09     -63.14       1.00
    -89.06     -87.24       1.00
    -89.06     -59.30       1.00
    -89.05    -172.88       1.00
    -89.05    -167.05       1.00
    -89.04     -73.81       1.00
    -89.04     -71.17       1.00
    -89.02    -100.02       1.00
    -89.02     -48.24       1.00
    -89.02     -78.36       1.00
    -89.02     -77.72       1.00
    -89.00     -89.22       1.00
    -89.00     163.84       1.00
    -88.98    -169.50       1.00
    -88.98      97.60       1.00
    -88.92     -88.56       1.00
    -88.92     -60.97       1.00
    -88.92     -84.07       1.00
    -88.92     -59.53       1.00
    -88.90     -83.30       1.00
    -88.90     -63.34       1.00
    -88.86     -52.37       1.00
    -88.86     173.55       1.00
    -88.79    -147.13       1.00
    -88.79     -75.00       1.00
    -88.78     -92.90       1.00
    -88.78     -68.96       1.00
    -88.63    -148.22       1.00
    -88.63     -74.95       1.00
    -88.56    -165.14       1.00
    -88.56    -163.48       1.00
    -88.54    -108.59       1.00
    -88.54     -62.51       1.00
    -88.53    -161.17       1.00
    -88.53      61.88       1.00
    -88.51    -164.81       1.00
    -88.51    -123.26       1.00
    -88.51    -150.08       1.00
    -88.51     -68.25       1.00
    -88.43     -77.38       1.00
    -88.43     -69.39       1.00
    -88.41     -73.01       1.00
    -88.41     -67.32       1.00
    -88.38      83.16       1.00
    -88.38      90.85       1.00
    -88.37    -162.85       1.00
    -88.37    -112.44       1.00
    -88.35    -129.94       1.00
    -88.35     -52.21       1.00
    -88.31    -178.50       1.00
    -88.31    -174.79       1.00
    -88.31     -61.14       1.00
    -88.31     157.06       1.00
    -88.30     -67.30       1.00
    -88.30     -62.58       1.00
    -88.22    -177.94       1.00
    -88.22    -174.40       1.00
    -88.22     -91.75       1.00
    -88.22     -55.68       1.00
    -88.21    -139.99       1.00
    -88.21     -77.86       1.00
    -88.20     -47.00       1.00
    -88.20     -42.85       1.00
    -88.16     -79.30       1.00
    -88.16     -63.87       1.00
    -88.14     -56.36       1.00
    -88.14      93.72       1.00
    -88.14    -161.74       1.00
    -88.14     -97.87       1.00
    -88.12    -149.37       1.00
    -88.12     156.81       1.00
    -88.11     -76.58       1.00
    -88.11     -69.84       1.00
    -88.07     -90.32       1.00
    -88.07     -64.48       1.00
    -88.02     -91.37       1.00
    -88.02     -61.12       1.00
    -88.00     -66.54       1.00
    -88.00     -53.33       1.00
    -87.99    -157.98       1.00
    -87.99     -93.19       1.00
    -87.97     -82.48       1.00
    -87.97     -59.08       1.00
    -87.96     -92.23       1.00
    -87.96     -86.54       1.00
    -87.92    -118.44       1.00
    -87.92     -90.58       1.00
    -87.91    -170.24       1.00
    -87.91     177.75       1.00
    -87.91     -84.53       1.00
    -87.91     -63.89       1.00
    -87.88     -78.84       1.00
    -87.88     -75.80       1.00
    -87.87     -62.38       1.00
    -87.87     154.05       1.00
    -87.85    -165.79       1.00
    -87.85     -86.47       1.00
    -87.79     -88.11       1.00
    -87.79     -61.52       1.00
    -87.72    -158.68       1.00
    -87.72    -110.10       1.00
    -87.72     -79.99       1.00
    -87.72     -63.17       1.00
    -87.68     -80.83       1.00
    -87.68     -50.05       1.00
    -87.67     -81.16       1.00
    -87.67     -41.03       1.00
    -87.63     -85.91       1.00
    -87.63     -51.12       1.00
    -87.60    -110.21       1.00
    -87.60     -96.69       1.00
    -87.60     -81.32       1.00
    -87.60     -61.82       1.00
    -87.57     -83.96       1.00
    -87.57     -69.14       1.00
    -87.53     -67.63       1.00
    -87.53     -39.76       1.00
    -87.51     -88.47       1.00
    -87.51     -83.43       1.00
    -87.48    -113.91       1.00
    -87.48     -61.52       1.00
    -87.47    -157.85       1.00
    -87.47     -90.45       1.00
    -87.42    -168.00       1.00
    -87.42     178.27       1.00
    -87.41     -65.80       1.00
    -87.41     -61.02       1.00
    -87.37    -158.94       1.00
    -87.37     -93.57       1.00
    -87.37     -67.64       1.00
    -87.37     100.82       1.00
    -87.35     -65.00       1.00
    -87.35     -57.64       1.00
    -87.31    -108.84       1.00
    -87.31     163.69       1.00
    -87.29     -86.35       1.00
    -87.29     -63.63       1.00
    -87.29     -77.80       1.00
    -87.29     -51.23       1.00
    -87.27     -81.69       1.00
    -87.27     -63.19       1.00
    -87.23    -134.05       1.00
    -87.23     -80.13       1.00
    -87.20    -127.92       1.00
    -87.20     -75.07       1.00
    -87.17     -81.29       1.00
    -87.17     114.18       1.00
    -87.13     -85.71       1.00
    -87.13     -67.19       1.00
    -87.05    -106.43       1.00
    -87.05     -87.36       1.00
    -87.04     -67.00       1.00
    -87.04     -39.74       1.00
    -87.01     -66.76       1.00
    -87.01     -61.28       1.00
    -86.96     -55.41       1.00
    -86.96     -50.15       1.00
    -86.93    -119.76       1.00
    -86.93     -56.64       1.00
    -86.92     -66.83       1.00
    -86.92     124.05       1.00
    -86.92     -70.10       1.00
    -86.92     -62.95       1.00
    -86.90     -88.33       1.00
    -86.90     -56.52       1.00
    -86.84    -174.47       1.00
    -86.84     172.59       1.00
    -86.80     -44.98       1.00
    -86.80     -43.31       1.00
    -86.73     -58.96       1.00
    -86.73     127.82       1.00
    -86.67    -140.95       1.00
    -86.67     -61.40       1.00
    -86.65     -75.34       1.00
    -86.65     -65.17       1.00
    -86.65     -57.28       1.00
    -86.65     -47.92       1.00
    -86.59     -58.31       1.00
    -86.59      91.43       1.00
    -86.58     -69.36       1.00
    -86.58     -65.55       1.00
    -86.53     -99.31       1.00
    -86.53     -86.97       1.00
    -86.46    -136.64       1.00
    -86.46     -80.87       1.00
    -86.46     -67.28       1.00
    -86.46     -54.76       1.00
    -86.44     -89.88       1.00
    -86.44     -62.06       1.00
    -86.42     -67.01       1.00
    -86.42     -50.71       1.00
    -86.40     -52.65       1.00
    -86.40     -42.25       1.00
    -86.40     -96.50       1.00
    -86.40     -81.81       1.00
    -86.39     -64.82       1.00
    -86.39     176.84       1.00
    -86.36     -82.79       1.00
    -86.36     -65.14       1.00
    -86.33     -72.97       1.00
    -86.33     -62.93       1.00
    -86.30     -64.17       1.00
    -86.30     163.64       1.00
    -86.28     -76.94       1.00
    -86.28     -59.70       1.00
    -86.27    -169.28       1.00
    -86.27    -164.08       1.00
    -86.24    -103.78       1.00
    -86.24     -50.41       1.00
    -86.24     -49.30       1.00
    -86.24     156.33       1.00
    -86.23    -147.78       1.00
    -86.23     -62.12       1.00
    -86.22     -71.93       1.00
    -86.22     -49.83       1.00
    -86.22     -66.05       1.00
    -86.22     -62.66       1.00
    -86.21    -177.59       1.00
    -86.21    -164.45       1.00
    -86.17     -75.75       1.00
    -86.17     -62.33       1.00
    -86.16     -88.17       1.00
    -86.16     -74.16       1.00
    -86.14     -86.30       1.00
    -86.14     -31.70       1.00
    -86.05    -175.73       1.00
    -86.05     -86.80       1.00
    -86.04     -67.43       1.00
    -86.04     -65.96       1.00
    -85.98    -170.45       1.00
    -85.98    -120.18       1.00
    -85.96     -88.89       1.00
    -85.96     -27.31       1.00
    -85.96    -177.13       1.00
    -85.96    -164.93       1.00
    -85.90     -63.29       1.00
    -85.90     -47.63       1.00
    -85.89    -179.23       1.00
    -85.89    -172.45       1.00
    -85.87     -78.30       1.00
    -85.87     -72.85       1.00
    -85.82    -150.24       1.00
    -85.82     -56.72       1.00
    -85.77     -73.92       1.00
    -85.77     -64.52       1.00
    -85.76     -66.13       1.00
    -85.76     170.97       1.00
    -85.75    -161.42       1.00
    -85.75    -120.55       1.00
    -85.69     -91.23       1.00
    -85.69     -68.83       1.00
    -85.64     -57.51       1.00
    -85.64     -48.17       1.00
    -85.64    -156.46       1.00
    -85.64     -89.60       1.00
    -85.60     -71.55       1.00
    -85.60     -68.00       1.00
    -85.48    -106.52       1.00
    -85.48     147.08       1.00
    -85.48     -63.96       1.00
    -85.48     128.29       1.00
    -85.45     -76.83       1.00
    -85.45     -57.62       1.00
    -85.42     -89.06       1.00
    -85.42     -60.68       1.00
    -85.39     -73.45       1.00
    -85.39     -70.07       1.00
    -85.39     -96.71       1.00
    -85.39     -66.35       1.00
    -85.38     -71.68       1.00
    -85.38     -56.82       1.00
    -85.36    -178.39       1.00
    -85.36    -153.81       1.00
    -85.33    -173.70       1.00
    -85.33     179.88       1.00
    -85.28     -80.43       1.00
    -85.28     -76.42       1.00
    -85.28    -111.21       1.00
    -85.28     -89.72       1.00
    -85.26     -80.11       1.00
    -85.26     -53.75       1.00
    -85.20     -82.13       1.00
    -85.20     -58.39       1.00
    -85.20     -71.93       1.00
    -85.20     -56.01       1.00
    -85.18     -46.65       1.00
    -85.18     -33.47       1.00
    -85.04     -72.31       1.00
    -85.04     -64.67       1.00
    -85.04    -128.08       1.00
    -85.04     -39.54       1.00
    -85.03     -56.04       1.00
    -85.03     -49.77       1.00
    -84.99    -172.08       1.00
    -84.99     -54.17       1.00
    -84.96     -82.82       1.00
    -84.96     -42.43       1.00
    -84.93     -70.23       1.00
    -84.93     -44.26       1.00
    -84.90    -119.07       1.00
    -84.90     151.68       1.00
    -84.86    -164.16       1.00
    -84.86     159.92       1.00
    -84.86     -48.94       1.00
    -84.86     -40.60       1.00
    -84.83    -167.14       1.00
    -84.83    -148.91       1.00
    -84.81     -87.65       1.00
    -84.81     -53.66       1.00
    -84.78     -91.44       1.00
    -84.78     -88.99       1.00
    -84.78     -77.90       1.00
    -84.78     -43.86       1.00
    -84.77     -76.99       1.00
    -84.77     -49.05       1.00
    -84.73    -150.60       1.00
    -84.73     -66.31       1.00
    -84.69     -79.79       1.00
    -84.69     -34.78       1.00
    -84.67     -70.72       1.00
    -84.67     158.55       1.00
    -84.63     -95.88       1.00
    -84.63     -80.28       1.00
    -84.61    -167.54       1.00
    -84.61     -59.15       1.00
    -84.60    -136.41       1.00
    -84.60     -80.28       1.00
    -84.59     -66.36       1.00
    -84.59     -45.02       1.00
    -84.58     -69.88       1.00
    -84.58     -63.41       1.00
    -84.56     -72.42       1.00
    -84.56     -68.72       1.00
    -84.54     -82.23       1.00
    -84.54     -60.65       1.00
    -84.49     -50.90       1.00
    -84.49      80.73       1.00
    -84.48    -145.18       1.00
    -84.48     -57.73       1.00
    -84.37    -175.05       1.00
    -84.37     -79.92       1.00
    -84.34     -66.77       1.00
    -84.34     -57.90       1.00
    -84.30     -82.31       1.00
    -84.30     -65.38       1.00
    -84.30    -119.19       1.00
    -84.30     -61.35       1.00
    -84.30     -68.02       1.00
    -84.30     -60.43       1.00
    -84.30     -93.01       1.00
    -84.30     -53.29       1.00
    -84.25     -96.64       1.00
    -84.25     -86.31       1.00
    -84.24     -60.30       1.00
    -84.24     -55.21       1.00
    -84.22     -53.29       1.00
    -84.22     -49.99       1.00
    -84.21    -158.02       1.00
    -84.21     -91.66       1.00
    -84.21     -53.85       1.00
    -84.21     -52.66       1.00
    -84.15     -68.37       1.00
    -84.15     -58.37       1.00
    -84.13    -173.58       1.00
    -84.13    -170.26       1.00
    -84.09    -174.93       1.00
    -84.09     -57.56       1.00
    -84.07    -130.40       1.00
    -84.07     -39.43       1.00
    -84.04    -138.11       1.00
    -84.04     -99.47       1.00
    -83.99     -78.15       1.00
    -83.99     -67.64       1.00
    -83.95    -172.52       1.00
    -83.95    -147.89       1.00
    -83.84    -133.28       1.00
    -83.84     -79.65       1.00
    -83.84     -70.15       1.00
    -83.84     -56.34       1.00
    -83.74    -157.85       1.00
    -83.74     -75.77       1.00
    -83.71     -80.26       1.00
    -83.71     -51.70       1.00
    -83.68     -69.73       1.00
    -83.68     -59.50       1.00
    -83.63    -131.09       1.00
    -83.63     -90.15       1.00
    -83.58     -61.30       1.00
    -83.58     -43.82       1.00
    -83.48     -61.39       1.00
    -83.48     -51.59       1.00
    -83.47     -54.14       1.00
    -83.47     -49.09       1.00
    -83.45     -68.71       1.00
    -83.45     -61.66       1.00
    -83.43     -92.40       1.00
    -83.43     -54.48       1.00
    -83.41     138.04       1.00
    -83.41     161.49       1.00
    -83.41     -79.81       1.00
    -83.41     -72.75       1.00
    -83.38    -169.90       1.00
    -83.38     -60.33       1.00
    -83.36     -84.93       1.00
    -83.36     -73.33       1.00
    -83.34     -75.93       1.00
    -83.34     -72.85       1.00
    -83.24     -55.08       1.00
    -83.24     -51.55       1.00
    -83.22    -173.19       1.00
    -83.22     -61.81       1.00
    -83.21     -63.56       1.00
    -83.21     -56.24       1.00
    -83.20     -91.30       1.00
    -83.20     -66.90       1.00
    -83.11     -84.57       1.00
    -83.11     -43.84       1.00
    -83.07     -87.74       1.00
    -83.07     -56.65       1.00
    -83.07     -54.52       1.00
    -83.07     -49.70       1.00
    -83.04     -80.71       1.00
    -83.04     -72.76       1.00
    -83.04     -57.79       1.00
    -83.04     166.52       1.00
    -83.03     -97.58       1.00
    -83.03     -41.30       1.00
    -83.02     -71.06       1.00
    -83.02     -69.67       1.00
    -82.99    -176.86       1.00
    -82.99    -171.29       1.00
    -82.97    -120.85       1.00
    -82.97     -61.58       1.00
    -82.88    -102.17       1.00
    -82.88     159.83       1.00
    -82.88     -87.03       1.00
    -82.88     -63.00       1.00
    -82.83     -76.69       1.00
    -82.83     -76.30       1.00
    -82.82    -179.68       1.00
    -82.82    -174.51       1.00
    -82.69    -104.17       1.00
    -82.69     105.21       1.00
    -82.69     -83.77       1.00
    -82.69     -65.43       1.00
    -82.67    -141.36       1.00
    -82.67     134.49       1.00
    -82.64     -65.86       1.00
    -82.64     -64.71       1.00
    -82.62     -56.01       1.00
    -82.62     -53.69       1.00
    -82.57     -86.17       1.00
    -82.57     -53.97       1.00
    -82.51    -170.31       1.00
    -82.51    -149.78       1.00
    -82.51     -59.44       1.00
    -82.51     -24.40       1.00
    -82.39     -67.23       1.00
    -82.39     -59.96       1.00
    -82.39     -87.69       1.00
    -82.39     -62.98       1.00
    -82.34     -84.69       1.00
    -82.34     -54.26       1.00
    -82.32     -64.62       1.00
    -82.32     -41.05       1.00
    -82.25    -140.71       1.00
    -82.25     -90.72       1.00
    -82.22    -168.85       1.00
    -82.22    -148.83       1.00
    -82.22     -75.48       1.00
    -82.22     -61.69       1.00
    -82.09     -81.38       1.00
    -82.09     -58.80       1.00
    -82.07     -81.48       1.00
    -82.07     -40.04       1.00
    -82.06     -84.94       1.00
    -82.06     -57.65       1.00
    -81.93     -84.56       1.00
    -81.93     -46.94       1.00
    -81.85     -60.10       1.00
    -81.85     -37.53       1.00
    -81.85     -95.06       1.00
    -81.85     -81.40       1.00
    -81.83     -76.01       1.00
    -81.83     -74.84       1.00
    -81.83    -163.36       1.00
    -81.83    -116.77       1.00
    -81.82    -105.15       1.00
    -81.82     -83.25       1.00
    -81.82     -52.35       1.00
    -81.82     -43.22       1.00
    -81.79    -168.44       1.00
    -81.79    -161.49       1.00
    -81.76     -71.20       1.00
    -81.76     -71.17       1.00
    -81.72    -171.89       1.00
    -81.72     179.05       1.00
    -81.65     -61.66       1.00
    -81.65     -43.80       1.00
    -81.60     -75.78       1.00
    -81.60     -74.66       1.00
    -81.56     147.04       1.00
    -81.56     161.04       1.00
    -81.54     -68.45       1.00
    -81.54     -56.02       1.00
    -81.46     -61.54       1.00
    -81.46     -45.55       1.00
    -81.46     -77.76       1.00
    -81.46     172.09       1.00
    -81.42     -80.06       1.00
    -81.42     -58.73       1.00
    -81.34     160.18       1.00
    -81.34     168.47       1.00
    -81.34    -118.12       1.00
    -81.34     -61.81       1.00
    -81.34     -81.96       1.00
    -81.34     -45.34       1.00
    -81.34     -81.42       1.00
    -81.34     -80.52       1.00
    -81.29    -178.81       1.00
    -81.29    -167.20       1.00
    -81.28     -88.73       1.00
    -81.28     -67.20       1.00
    -81.10     -79.20       1.00
    -81.10     -60.10       1.00
    -80.99     -84.37       1.00
    -80.99     -73.39       1.00
    -80.98     -74.00       1.00
    -80.98     -67.08       1.00
    -80.97     -89.41       1.00
    -80.97     -83.43       1.00
    -80.95    -102.42       1.00
    -80.95     -53.57       1.00
    -80.76    -129.10       1.00
    -80.76     -64.03       1.00
    -80.76     -95.40       1.00
    -80.76     -39.26       1.00
    -80.75     -64.77       1.00
    -80.75     -59.67       1.00
    -80.69    -175.27       1.00
    -80.69     -59.39       1.00
    -80.65    -165.28       1.00
    -80.65     -65.02       1.00
    -80.64     -85.42       1.00
    -80.64     -59.68       1.00
    -80.53     -71.81       1.00
    -80.53     -64.44       1.00
    -80.47     -65.51       1.00
    -80.47     -53.87       1.00
    -80.45     -76.07       1.00
    -80.45     -72.92       1.00
    -80.43    -157.07       1.00
    -80.43     178.65       1.00
    -80.42     -88.67       1.00
    -80.42     -75.56       1.00
    -80.29     -90.50       1.00
    -80.29     -51.64       1.00
    -80.28    -175.45       1.00
    -80.28     -70.65       1.00
    -80.26     -65.33       1.00
    -80.26     -50.02       1.00
    -80.24    -155.57       1.00
    -80.24     118.99       1.00
    -80.24     -88.45       1.00
    -80.24     -52.40       1.00
    -80.06     -72.36       1.00
    -80.06     -69.90       1.00
    -79.98     -64.82       1.00
    -79.98     -63.95       1.00
    -79.98     -85.37       1.00
    -79.98     -71.18       1.00
    -79.90    -142.06       1.00
    -79.90    -101.91       1.00
    -79.81     -79.34       1.00
    -79.81     -42.21       1.00
    -79.75     -92.13       1.00
    -79.75     -77.46       1.00
    -79.68     -60.78       1.00
    -79.68     -52.02       1.00
    -79.67    -171.89       1.00
    -79.67     -65.18       1.00
    -79.64     -59.11       1.00
    -79.64     105.53       1.00
    -79.63     -70.69       1.00
    -79.63     -60.13       1.00
    -79.57     -39.05       1.00
    -79.57     -38.75       1.00
    -79.55     -52.74       1.00
    -79.55     -43.13       1.00
    -79.52     -66.77       1.00
    -79.52     -60.74       1.00
    -79.52     -68.42       1.00
    -79.52     176.55       1.00
    -79.41     -82.01       1.00
    -79.41     -65.03       1.00
    -79.23     -58.26       1.00
    -79.23     155.06       1.00
    -79.22     -85.06       1.00
    -79.22     -59.89       1.00
    -79.21     -82.48       1.00
    -79.21     -67.74       1.00
    -79.15     -94.65       1.00
    -79.15     -61.47       1.00
    -79.10     -70.54       1.00
    -79.10     -60.96       1.00
    -79.08     -87.50       1.00
    -79.08     -60.39       1.00
    -79.06     -82.78       1.00
    -79.06     -52.85       1.00
    -79.01     -86.27       1.00
    -79.01     -56.26       1.00
    -79.01     -69.59       1.00
    -79.01     -59.25       1.00
    -78.87     -66.17       1.00
    -78.87     -45.68       1.00
    -78.76     -85.80       1.00
    -78.76     -55.57       1.00
    -78.68     -65.43       1.00
    -78.68     -47.30       1.00
    -78.60     -75.42       1.00
    -78.60     -71.19       1.00
    -78.47     -86.46       1.00
    -78.47     -59.08       1.00
    -78.37     -60.40       1.00
    -78.37     -51.79       1.00
    -78.30     -50.84       1.00
    -78.30     114.41       1.00
    -78.20     -60.09       1.00
    -78.20     104.59       1.00
    -78.05     -67.92       1.00
    -78.05     -61.97       1.00
    -78.00     -91.37       1.00
    -78.00     -70.15       1.00
    -77.99     -86.16       1.00
    -77.99     -54.13       1.00
    -77.92     -54.65       1.00
    -77.92     -51.42       1.00
    -77.83     -63.83       1.00
    -77.83     -60.98       1.00
    -77.52    -123.45       1.00
    -77.52     -58.33       1.00
    -77.47     -49.43       1.00
    -77.47     121.93       1.00
    -77.46      69.52       1.00
    -77.46      82.23       1.00
    -77.37     -86.65       1.00
    -77.37     -67.24       1.00
    -77.33     -60.52       1.00
    -77.33     -52.12       1.00
    -77.31     -75.92       1.00
    -77.31     -51.93       1.00
    -77.27     -57.12       1.00
    -77.27     143.51       1.00
    -77.23     -81.51       1.00
    -77.23     -60.34       1.00
    -77.23    -103.82       1.00
    -77.23     176.30       1.00
    -77.19     -77.62       1.00
    -77.19     -74.25       1.00
    -77.06    -159.00       1.00
    -77.06     -90.88       1.00
    -77.04     -72.49       1.00
    -77.04     -19.74       1.00
    -76.95     -59.74       1.00
    -76.95     -59.64       1.00
    -76.85     -87.48       1.00
    -76.85     -54.91       1.00
    -76.67     -82.06       1.00
    -76.67     -80.38       1.00
    -76.60    -167.57       1.00
    -76.60     -79.64       1.00
    -76.60    -102.07       1.00
    -76.60     -37.66       1.00
    -76.55     -55.62       1.00
    -76.55     -23.12       1.00
    -76.36    -164.74       1.00
    -76.36     -74.75       1.00
    -76.19     -50.13       1.00
    -76.19     122.03       1.00
    -76.12     -49.55       1.00
    -76.12     121.00       1.00
    -76.06     -49.80       1.00
    -76.06     121.02       1.00
    -75.84     -87.21       1.00
    -75.84     -67.67       1.00
    -75.82     -82.63       1.00
    -75.82     -66.65       1.00
    -75.78     -82.67       1.00
    -75.78     -74.76       1.00
    -75.63     -80.65       1.00
    -75.63     -51.98       1.00
    -75.50    -100.60       1.00
    -75.50     -67.58       1.00
    -75.42     -52.26       1.00
    -75.42     -46.60       1.00
    -75.33     -91.38       1.00
    -75.33     -87.81       1.00
    -75.32     -79.65       1.00
    -75.32     173.53       1.00
    -75.26    -175.94       1.00
    -75.26     -89.12       1.00
    -75.25    -176.72       1.00
    -75.25     -80.36       1.00
    -74.54     -60.62       1.00
    -74.54     -51.10       1.00
    -74.41     -71.28       1.00
    -74.41     172.34       1.00
    -74.01     -74.72       1.00
    -74.01     -53.41       1.00
    -73.81     -91.46       1.00
    -73.81     -66.55       1.00
    -73.43     -95.67       1.00
    -73.43     -51.22       1.00
    -73.21    -177.60       1.00
    -73.21     -82.65       1.00
    -73.12      72.29       1.00
    -73.12      84.08       1.00
    -73.04    -118.78       1.00
    -73.04     -50.07       1.00
    -73.02    -158.51       1.00
    -73.02     -61.82       1.00
    -73.01     -80.11       1.00
    -73.01     -46.00       1.00
    -72.93     -65.00       1.00
    -72.93     -52.61       1.00
    -72.83    -174.48       1.00
    -72.83     -81.38       1.00
    -72.83    -166.51       1.00
    -72.83     -89.74       1.00
    -72.59     -56.89       1.00
    -72.59     -27.34       1.00
    -72.47      72.49       1.00
    -72.47      80.00       1.00
    -72.04     -65.55       1.00
    -72.04     -59.19       1.00
    -71.98    -154.56       1.00
    -71.98     -93.06       1.00
    -71.96     -73.86       1.00
    -71.96     -39.56       1.00
    -71.73     -90.37       1.00
    -71.73     -88.82       1.00
    -69.73     -58.54       1.00
    -69.73     -52.02       1.00
    -69.36     -86.97       1.00
    -69.36     -52.15       1.00
    -68.88     -83.13       1.00
    -68.88     -53.66       1.00
    -68.77     -67.78       1.00
    -68.77     -56.94       1.00
    -68.75     -73.83       1.00
    -68.75     -73.11       1.00
    -68.62     -78.28       1.00
    -68.62     171.41       1.00
    -68.54     -96.96       1.00
    -68.54     -49.88       1.00
    -68.48     -77.72       1.00
    -68.48     171.00       1.00
    -68.29     -79.74       1.00
    -68.29     -44.96       1.00
    -68.20    -162.04       1.00
    -68.20     -48.29       1.00
    -66.40     -68.23       1.00
    -66.40     -46.27       1.00
    -66.06     -63.32       1.00
    -66.06     -45.54       1.00
    -64.63    -157.57       1.00
    -64.63     121.92       1.00
    -62.35    -175.78       1.00
    -62.35     -91.74       1.00
    -60.85     -54.20       1.00
    -60.85     -11.10       1.00
    -58.62     -72.83       1.00
    -58.62     -55.86       1.00
    -57.77     -71.26       1.00
    -57.77     -54.83       1.00
    -57.63     -70.49       1.00
    -57.63     -52.04       1.00
    -53.43     -73.82       1.00
    -53.43     -59.47       1.00
    -52.73     -79.27       1.00
    -52.73     -56.68       1.00
     36.78     162.85       1.00
     36.78     176.25       1.00
     47.00    -137.46       1.00
     47.00      99.31       1.00
     56.58      54.96       1.00
     56.58      80.63       1.00
     61.10    -112.25       1.00
     61.10      65.11       1.00
     61.70      74.28       1.00
     61.70      79.34       1.00
     61.76      67.78       1.00
     61.76      80.62       1.00
     63.44      63.38       1.00
     63.44      74.36       1.00
     63.63      68.44       1.00
     63.63     151.88       1.00
     65.44      73.27       1.00
     65.44      78.44       1.00
     67.27      58.60       1.00
     67.27      84.69       1.00
     67.60    -144.00       1.00
     67.60      85.76       1.00
     67.84    -144.77       1.00
     67.84      82.32       1.00
     68.10    -179.25       1.00
     68.10      75.43       1.00
     68.17      73.18       1.00
     68.17      76.52       1.00
     68.61    -144.61       1.00
     68.61      79.95       1.00
     69.06      60.63       1.00
     69.06     149.12       1.00
     69.55      62.13       1.00
     69.55      71.00       1.00
     69.55      77.24       1.00
     69.55     172.22       1.00
     69.82    -143.30       1.00
     69.82      80.19       1.00
     70.82    -163.46       1.00
     70.82      75.34       1.00
     71.12      54.62       1.00
     71.12      71.41       1.00
     71.63      54.38       1.00
     71.63      75.85       1.00
     71.90    -163.98       1.00
     71.90      86.55       1.00
     73.03    -144.53       1.00
     73.03      81.61       1.00
     73.09      69.66       1.00
     73.09      74.77       1.00
     73.22      66.26       1.00
     73.22      67.43       1.00
     73.54      55.43       1.00
     73.54      77.25       1.00
     73.55      70.58       1.00
     73.55      90.19       1.00
     73.59    -143.19       1.00
     73.59      80.05       1.00
     73.65    -165.62       1.00
     73.65      56.69       1.00
     73.79     -98.84       1.00
     73.79      51.28       1.00
     74.24    -141.83       1.00
     74.24      78.23       1.00
     74.58    -155.50       1.00
     74.58     157.26       1.00
     74.72     108.35       1.00
     74.72     163.28       1.00
     75.38      78.05       1.00
     75.38      84.98       1.00
     75.64     -93.92       1.00
     75.64      55.10       1.00
     75.78      53.58       1.00
     75.78      65.56       1.00
     75.80    -141.72       1.00
     75.80      76.49       1.00
     76.22      57.65       1.00
     76.22      69.28       1.00
     77.12      57.65       1.00
     77.12     166.80       1.00
     77.13    -138.17       1.00
     77.13      78.95       1.00
     77.53    -167.21       1.00
     77.53      84.12       1.00
     77.54      41.39       1.00
     77.54     174.68       1.00
     77.55    -128.56       1.00
     77.55      82.51       1.00
     77.80    -143.41       1.00
     77.80      77.05       1.00
     78.00    -174.55       1.00
     78.00     -91.36       1.00
     78.08      68.41       1.00
     78.08      80.30       1.00
     78.37      58.55       1.00
     78.37      80.35       1.00
     78.73      56.12       1.00
     78.73      88.16       1.00
     78.76      61.58       1.00
     78.76     112.13       1.00
     78.83    -178.09       1.00
     78.83      57.31       1.00
     78.88    -174.46       1.00
     78.88     -92.35       1.00
     79.00      53.78       1.00
     79.00      72.67       1.00
     79.05      65.02       1.00
     79.05     157.44       1.00
     79.18    -177.16       1.00
     79.18      96.26       1.00
     79.29      63.17       1.00
     79.29     141.25       1.00
     79.37    -142.18       1.00
     79.37      76.00       1.00
     79.87    -152.59       1.00
     79.87      79.88       1.00
     80.56      64.20       1.00
     80.56      96.71       1.00
     80.67      52.08       1.00
     80.67      61.19       1.00
     80.74      49.12       1.00
     80.74      55.76       1.00
     80.90    -110.42       1.00
     80.90     166.31       1.00
     81.24     120.34       1.00
     81.24     167.82       1.00
     81.27      60.95       1.00
     81.27      84.89       1.00
     81.32      49.93       1.00
     81.32      55.78       1.00
     81.36    -150.19       1.00
     81.36      87.30       1.00
     81.82      70.79       1.00
     81.82      81.43       1.00
     82.04      68.50       1.00
     82.04     150.11       1.00
     82.22      78.45       1.00
     82.22     124.53       1.00
     82.32      63.67       1.00
     82.32     170.56       1.00
     82.63    -140.17       1.00
     82.63     108.11       1.00
     83.10    -142.24       1.00
     83.10     104.56       1.00
     83.37    -178.55       1.00
     83.37      82.42       1.00
     83.42      58.01       1.00
     83.42     177.39       1.00
     83.60      74.36       1.00
     83.60      85.73       1.00
     84.48      71.07       1.00
     84.48     127.01       1.00
     84.68      84.45       1.00
     84.68     105.13       1.00
     84.70    -143.75       1.00
     84.70     104.13       1.00
     84.78      58.16       1.00
     84.78      61.80       1.00
     85.16      62.92       1.00
     85.16     158.97       1.00
     85.19     -61.19       1.00
     85.19     128.93       1.00
     85.40      55.67       1.00
     85.40     176.67       1.00
     86.01      47.89       1.00
     86.01      57.18       1.00
     86.02      62.75       1.00
     86.02      87.04       1.00
     86.46    -166.60       1.00
     86.46      77.25       1.00
     86.63     120.94       1.00
     86.63     165.06       1.00
     86.69    -178.12       1.00
     86.69      55.42       1.00
     87.13    -156.30       1.00
     87.13      77.91       1.00
     87.13     -84.57       1.00
     87.13     102.01       1.00
     87.27      58.03       1.00
     87.27      60.05       1.00
     87.42     -58.60       1.00
     87.42      93.31       1.00
     87.55     -60.78       1.00
     87.55     149.97       1.00
     87.92    -159.94       1.00
     87.92     -75.19       1.00
     88.04     -75.52       1.00
     88.04     129.80       1.00
     88.04      70.07       1.00
     88.04      78.51       1.00
     88.19     -52.31       1.00
     88.19      72.77       1.00
     88.19    -144.34       1.00
     88.19     -65.51       1.00
     88.20      54.99       1.00
     88.20     170.27       1.00
     88.21    -167.50       1.00
     88.21     100.19       1.00
     88.30     -91.93       1.00
     88.30      57.90       1.00
     88.43     -80.80       1.00
     88.43      45.72       1.00
     88.50      62.45       1.00
     88.50      87.58       1.00
     88.61     -70.47       1.00
     88.61     103.98       1.00
     88.71      84.70       1.00
     88.71     101.23       1.00
     88.73    -140.61       1.00
     88.73      46.30       1.00
     88.75      42.14       1.00
     88.75      64.00       1.00
     88.89    -140.64       1.00
     88.89      46.67       1.00
     88.90      59.64       1.00
     88.90      70.98       1.00
     89.01      62.24       1.00
     89.01     169.83       1.00
     89.13     -58.52       1.00
     89.13     140.88       1.00
     89.13     -76.39       1.00
     89.13      94.16       1.00
     89.19    -149.99       1.00
     89.19     -82.27       1.00
     89.63    -126.33       1.00
     89.63      83.21       1.00
     89.66    -160.36       1.00
     89.66     102.33       1.00
     89.90     -89.96       1.00
     89.90      54.37       1.00
     89.91     -82.50       1.00
     89.91      76.23       1.00
     89.93      59.80       1.00
     89.93      75.81       1.00
     89.98     101.97       1.00
     89.98     155.11       1.00
     90.02     -78.34       1.00
     90.02      89.73       1.00
     90.05      77.63       1.00
     90.05      80.83       1.00
     90.23     -79.23       1.00
     90.23     157.35       1.00
     90.29     155.23       1.00
     90.29     158.70       1.00
     90.35     -78.96       1.00
     90.35      90.29       1.00
     90.39     -64.40       1.00
     90.39      98.84       1.00
     90.40     -51.06       1.00
     90.40      75.12       1.00
     90.40      66.53       1.00
     90.40      97.92       1.00
     90.41     -63.34       1.00
     90.41      95.59       1.00
     90.60     -52.94       1.00
     90.60      46.58       1.00
     90.65      94.39       1.00
     90.65      95.34       1.00
     90.76     -80.50       1.00
     90.76      58.55       1.00
     90.79     -87.28       1.00
     90.79      67.37       1.00
     90.86     -72.23       1.00
     90.86      91.02       1.00
     90.87     -51.36       1.00
     90.87      89.56       1.00
     90.88     -78.55       1.00
     90.88      69.99       1.00
     90.96    -159.01       1.00
     90.96     -71.23       1.00
     91.05     -53.27       1.00
     91.05     141.96       1.00
     91.27    -177.81       1.00
     91.27      78.84       1.00
     91.33     -57.98       1.00
     91.33      96.41       1.00
     91.33     -60.67       1.00
     91.33      94.19       1.00
     91.47     -70.76       1.00
     91.47     155.95       1.00
     91.60     -84.34       1.00
     91.60     154.84       1.00
     91.72      66.29       1.00
     91.72     171.32       1.00
     91.73     -73.05       1.00
     91.73      75.89       1.00
     91.79     -81.94       1.00
     91.79      93.56       1.00
     92.08    -116.38       1.00
     92.08     -77.75       1.00
     92.12     -73.39       1.00
     92.12      88.90       1.00
     92.13      63.10       1.00
     92.13     121.78       1.00
     92.19      59.95       1.00
     92.19      95.62       1.00
     92.29     -77.63       1.00
     92.29      90.99       1.00
     92.33     -68.30       1.00
     92.33      82.92       1.00
     92.34     -55.66       1.00
     92.34      92.91       1.00
     92.35      60.57       1.00
     92.35      88.81       1.00
     92.52     -70.97       1.00
     92.52      89.77       1.00
     92.58     -77.41       1.00
     92.58      92.32       1.00
     92.61     -62.32       1.00
     92.61      88.87       1.00
     92.76      82.51       1.00
     92.76      85.42       1.00
     92.81      82.20       1.00
     92.81      83.39       1.00
     92.82      87.57       1.00
     92.82      89.88       1.00
     92.82     -91.74       1.00
     92.82     170.81       1.00
     92.95     -55.90       1.00
     92.95      92.71       1.00
     92.96     -56.47       1.00
     92.96      92.47       1.00
     92.96     -53.80       1.00
     92.96      90.23       1.00
     92.97     -82.27       1.00
     92.97      57.92       1.00
     92.98      47.70       1.00
     92.98     173.39       1.00
     92.99     -66.86       1.00
     92.99     108.55       1.00
     93.03     -68.53       1.00
     93.03      82.28       1.00
     93.04     -78.12       1.00
     93.04     160.38       1.00
     93.05     -78.03       1.00
     93.05      98.53       1.00
     93.09     -88.75       1.00
     93.09      74.79       1.00
     93.20     -69.93       1.00
     93.20      88.08       1.00
     93.20     -51.71       1.00
     93.20     146.61       1.00
     93.25     -67.47       1.00
     93.25     139.86       1.00
     93.38     -52.97       1.00
     93.38      81.86       1.00
     93.49    -110.68       1.00
     93.49     -76.61       1.00
     93.57     -73.73       1.00
     93.57      88.73       1.00
     93.61     -89.87       1.00
     93.61      71.10       1.00
     93.62    -102.79       1.00
     93.62    -100.72       1.00
     93.65     -85.79       1.00
     93.65      78.92       1.00
     93.76    -110.03       1.00
     93.76     -76.11       1.00
     93.77     -64.69       1.00
     93.77      75.27       1.00
     93.84     -54.98       1.00
     93.84      89.76       1.00
     93.91     -65.32       1.00
     93.91      58.68       1.00
     93.93     -97.70       1.00
     93.93      67.84       1.00
     93.99      73.00       1.00
     93.99      88.84       1.00
     94.01     -79.28       1.00
     94.01      67.84       1.00
     94.04    -162.51       1.00
     94.04     -69.66       1.00
     94.05      68.86       1.00
     94.05      75.10       1.00
     94.07     -65.74       1.00
     94.07      78.48       1.00
     94.11     -62.97       1.00
     94.11      99.83       1.00
     94.17    -161.64       1.00
     94.17      95.68       1.00
     94.18      37.42       1.00
     94.18      39.77       1.00
     94.20     -64.74       1.00
     94.20      97.04       1.00
     94.24    -158.03       1.00
     94.24     -71.95       1.00
     94.27      63.58       1.00
     94.27     109.01       1.00
     94.33     -63.24       1.00
     94.33     160.84       1.00
     94.33     -60.58       1.00
     94.33      90.08       1.00
     94.37     -78.78       1.00
     94.37     162.98       1.00
     94.46      60.81       1.00
     94.46      86.80       1.00
     94.47     -63.42       1.00
     94.47     109.79       1.00
     94.61     -98.61       1.00
     94.61     -87.39       1.00
     94.71     -94.40       1.00
     94.71     -93.08       1.00
     94.79    -104.48       1.00
     94.79     -84.81       1.00
     94.81     -63.60       1.00
     94.81      82.18       1.00
     94.88     -66.26       1.00
     94.88      77.93       1.00
     94.92     -58.65       1.00
     94.92     136.37       1.00
     95.04     -60.33       1.00
     95.04      55.75       1.00
     95.07     -59.39       1.00
     95.07      92.43       1.00
     95.08     -90.97       1.00
     95.08      69.51       1.00
     95.11     -82.42       1.00
     95.11      68.37       1.00
     95.28    -100.49       1.00
     95.28     -88.23       1.00
     95.30    -100.97       1.00
     95.30     -99.69       1.00
     95.48     -82.82       1.00
     95.48      85.82       1.00
     95.51     -95.19       1.00
     95.51     -91.34       1.00
     95.54     -69.79       1.00
     95.54      83.44       1.00
     95.56     -77.62       1.00
     95.56      89.09       1.00
     95.60    -154.46       1.00
     95.60     -78.17       1.00
     95.62     -62.89       1.00
     95.62      75.68       1.00
     95.75     -61.01       1.00
     95.75     108.86       1.00
     95.75      62.46       1.00
     95.75      89.68       1.00
     95.83     -60.12       1.00
     95.83     111.11       1.00
     95.89     -87.01       1.00
     95.89      67.48       1.00
     95.90     -63.91       1.00
     95.90      90.60       1.00
     95.91     -81.96       1.00
     95.91     101.47       1.00
     95.98      68.47       1.00
     95.98      96.53       1.00
     96.05     -97.29       1.00
     96.05     -95.24       1.00
     96.27     -66.98       1.00
     96.27      76.56       1.00
     96.34    -164.20       1.00
     96.34      84.89       1.00
     96.35     -59.50       1.00
     96.35      83.44       1.00
     96.39     -70.62       1.00
     96.39      89.04       1.00
     96.48     -64.18       1.00
     96.48     147.76       1.00
     96.51     -93.97       1.00
     96.51     158.11       1.00
     96.53     -55.25       1.00
     96.53      81.78       1.00
     96.55     -80.53       1.00
     96.55      69.53       1.00
     96.58     -75.77       1.00
     96.58      84.19       1.00
     96.73     -72.02       1.00
     96.73      86.34       1.00
     96.73    -107.44       1.00
     96.73     -76.36       1.00
     96.92     -57.84       1.00
     96.92     110.06       1.00
     96.93     -86.18       1.00
     96.93      83.68       1.00
     96.97     -50.23       1.00
     96.97      88.66       1.00
     97.06     -78.01       1.00
     97.06      84.19       1.00
     97.07     -77.13       1.00
     97.07     104.61       1.00
     97.12     -55.77       1.00
     97.12      45.47       1.00
     97.12     -75.28       1.00
     97.12      84.31       1.00
     97.23    -111.61       1.00
     97.23     -91.69       1.00
     97.30    -104.25       1.00
     97.30    -103.71       1.00
     97.31      69.90       1.00
     97.31      75.55       1.00
     97.34      72.54       1.00
     97.34      72.64       1.00
     97.48     -61.91       1.00
     97.48      92.40       1.00
     97.55     -76.82       1.00
     97.55      73.35       1.00
     97.62    -102.42       1.00
     97.62    -102.27       1.00
     97.69     -90.90       1.00
     97.69      76.73       1.00
     97.86     -77.65       1.00
     97.86      85.80       1.00
     97.86     -59.82       1.00
     97.86      52.77       1.00
     97.92     -86.13       1.00
     97.92      75.33       1.00
     98.02     -84.48       1.00
     98.02      70.99       1.00
     98.04     -61.66       1.00
     98.04     117.38       1.00
     98.05     -84.21       1.00
     98.05      89.27       1.00
     98.11      64.38       1.00
     98.11      87.15       1.00
     98.17    -106.44       1.00
     98.17     -80.93       1.00
     98.19     -98.82       1.00
     98.19     -86.58       1.00
     98.22     -67.02       1.00
     98.22      89.50       1.00
     98.27    -155.49       1.00
     98.27     -74.80       1.00
     98.36     -45.25       1.00
     98.36      83.88       1.00
     98.44     -70.68       1.00
     98.44     129.89       1.00
     98.51     -87.13       1.00
     98.51      86.89       1.00
     98.51     -37.40       1.00
     98.51      92.01       1.00
     98.57     -69.76       1.00
     98.57      60.53       1.00
     98.58      64.10       1.00
     98.58      79.90       1.00
     98.60    -147.62       1.00
     98.60      97.36       1.00
     98.60    -156.83       1.00
     98.60     -73.28       1.00
     98.65     -44.91       1.00
     98.65     129.00       1.00
     98.66    -103.87       1.00
     98.66     -82.21       1.00
     98.67     -48.05       1.00
     98.67      64.09       1.00
     98.69      62.22       1.00
     98.69     169.94       1.00
     98.72      38.15       1.00
     98.72      41.59       1.00
     98.76    -178.65       1.00
     98.76     -67.27       1.00
     99.03     -64.94       1.00
     99.03      80.00       1.00
     99.04     -72.47       1.00
     99.04      88.94       1.00
     99.12      66.39       1.00
     99.12      85.93       1.00
     99.20     -81.83       1.00
     99.20      78.00       1.00
     99.42     -98.88       1.00
     99.42     -83.78       1.00
     99.43     -69.73       1.00
     99.43      66.10       1.00
     99.46     -70.00       1.00
     99.46      61.14       1.00
     99.47     -71.73       1.00
     99.47     107.65       1.00
     99.49    -110.67       1.00
     99.49     -95.85       1.00
     99.49     -33.27       1.00
     99.49     106.29       1.00
     99.52     -72.79       1.00
     99.52      68.06       1.00
     99.53    -138.96       1.00
     99.53     -82.89       1.00
     99.57    -102.21       1.00
     99.57      89.74       1.00
     99.68    -102.72       1.00
     99.68     -99.47       1.00
     99.71     -55.94       1.00
     99.71     104.93       1.00
     99.71    -156.60       1.00
     99.71     -74.48       1.00
     99.73    -108.16       1.00
     99.73     -74.91       1.00
     99.73     -97.27       1.00
     99.73      78.89       1.00
     99.82     -44.80       1.00
     99.82      64.65       1.00
     99.83    -100.64       1.00
     99.83      92.91       1.00
     99.91     -75.57       1.00
     99.91      86.03       1.00
     99.95     -54.78       1.00
     99.95      75.87       1.00
     99.97      74.44       1.00
     99.97      80.85       1.00
    100.03     -98.33       1.00
    100.03     -91.32       1.00
    100.10     -62.75       1.00
    100.10      87.44       1.00
    100.11     -54.31       1.00
    100.11      68.94       1.00
    100.18     -69.07       1.00
    100.18      86.65       1.00
    100.25     -97.34       1.00
    100.25     -88.46       1.00
    100.26     -94.33       1.00
    100.26     -82.95       1.00
    100.28     -82.98       1.00
    100.28      86.48       1.00
    100.32     -64.74       1.00
    100.32      90.73       1.00
    100.41    -105.37       1.00
    100.41     -88.74       1.00
    100.47    -124.86       1.00
    100.47     -71.65       1.00
    100.47     -83.57       1.00
    100.47      82.60       1.00
    100.52     -65.69       1.00
    100.52      90.42       1.00
    100.54     -30.30       1.00
    100.54      73.20       1.00
    100.71     -51.04       1.00
    100.71      74.05       1.00
    100.75     -97.34       1.00
    100.75     -86.76       1.00
    100.82     -69.10       1.00
    100.82      47.72       1.00
    100.84     -65.05       1.00
    100.84      78.10       1.00
    100.89    -129.61       1.00
    100.89    -117.18       1.00
    100.94     -49.85       1.00
    100.94      57.83       1.00
    100.95      93.10       1.00
    100.95     161.71       1.00
    100.96     -43.64       1.00
    100.96      69.32       1.00
    101.25      84.62       1.00
    101.25     165.61       1.00
    101.33     -75.45       1.00
    101.33      85.88       1.00
    101.34     -35.03       1.00
    101.34      92.21       1.00
    101.37     -94.64       1.00
    101.37     -91.65       1.00
    101.39     -62.06       1.00
    101.39      75.94       1.00
    101.44     -92.18       1.00
    101.44     -89.53       1.00
    101.49     -80.89       1.00
    101.49      88.04       1.00
    101.75     -52.90       1.00
    101.75      50.62       1.00
    102.07     -64.56       1.00
    102.07      57.99       1.00
    102.18     -73.10       1.00
    102.18      75.22       1.00
    102.22     -49.23       1.00
    102.22      59.33       1.00
    102.26     -50.98       1.00
    102.26     145.68       1.00
    102.30      84.06       1.00
    102.30      86.02       1.00
    102.41      89.66       1.00
    102.41      93.82       1.00
    102.59     -71.16       1.00
    102.59      69.27       1.00
    102.79    -114.84       1.00
    102.79     -73.31       1.00
    102.80     -54.88       1.00
    102.80      85.86       1.00
    102.94     -54.18       1.00
    102.94      94.79       1.00
    103.08    -107.32       1.00
    103.08     -81.36       1.00
    103.28      39.98       1.00
    103.28     122.83       1.00
    103.42      71.21       1.00
    103.42      72.22       1.00
    103.58     -33.22       1.00
    103.58      83.31       1.00
    103.72     -73.93       1.00
    103.72      74.84       1.00
    103.73      57.00       1.00
    103.73      81.53       1.00
    103.83     -67.98       1.00
    103.83      65.77       1.00
    103.85     -95.66       1.00
    103.85     -91.16       1.00
    103.86     -96.89       1.00
    103.86     -85.03       1.00
    103.86     -54.91       1.00
    103.86      87.37       1.00
    103.88     -37.05       1.00
    103.88      84.32       1.00
    104.05     -63.17       1.00
    104.05      81.86       1.00
    104.18      72.65       1.00
    104.18     155.82       1.00
    104.46     -50.79       1.00
    104.46      88.61       1.00
    104.84      52.83       1.00
    104.84      76.82       1.00
    104.93    -163.60       1.00
    104.93     -61.69       1.00
    104.97     -57.76       1.00
    104.97      81.74       1.00
    105.26     -75.97       1.00
    105.26     152.19       1.00
    105.30     -87.27       1.00
    105.30      52.51       1.00
    105.37     -57.47       1.00
    105.37      87.76       1.00
    105.62     -80.07       1.00
    105.62      81.68       1.00
    105.69    -107.07       1.00
    105.69    -102.62       1.00
    105.95     -92.81       1.00
    105.95     -84.12       1.00
    106.49     -74.51       1.00
    106.49      81.42       1.00
    106.62     -62.70       1.00
    106.62      85.07       1.00
    106.76    -134.82       1.00
    106.76     -67.91       1.00
    106.81     -55.84       1.00
    106.81      91.96       1.00
    106.83     -46.31       1.00
    106.83     170.65       1.00
    106.89     -97.24       1.00
    106.89     -87.24       1.00
    107.06      89.87       1.00
    107.06     179.00       1.00
    107.22    -124.55       1.00
    107.22     -65.43       1.00
    107.26     -65.75       1.00
    107.26      73.72       1.00
    107.90     -95.16       1.00
    107.90     -82.99       1.00
    108.11     -62.47       1.00
    108.11      90.68       1.00
    108.44     -98.67       1.00
    108.44     -79.80       1.00
    108.75    -145.56       1.00
    108.75     -37.04       1.00
    108.89     -92.45       1.00
    108.89     -90.53       1.00
    109.43     161.91       1.00
    109.43     176.62       1.00
    109.64     -63.13       1.00
    109.64      85.98       1.00
    110.01      83.03       1.00
    110.01     165.35       1.00
    110.23    -139.81       1.00
    110.23     -73.24       1.00
    110.41    -135.98       1.00
    110.41     -44.71       1.00
    110.76    -102.91       1.00
    110.76     -78.08       1.00
    111.41      72.28       1.00
    111.41     171.73       1.00
    111.43     -62.40       1.00
    111.43      87.11       1.00
    111.71     -85.03       1.00
    111.71      69.33       1.00
    112.46     -47.83       1.00
    112.46      80.99       1.00
    112.63    -112.03       1.00
    112.63     119.51       1.00
    112.78     -95.72       1.00
    112.78     103.86       1.00
    112.80     -91.78       1.00
    112.80     -87.83       1.00
    112.84     -94.06       1.00
    112.84     -89.69       1.00
    112.97    -105.56       1.00
    112.97     -80.18       1.00
    113.09    -100.48       1.00
    113.09     -85.12       1.00
    113.61     -73.18       1.00
    113.61     168.72       1.00
    113.79    -110.46       1.00
    113.79     -76.33       1.00
    114.23     -97.11       1.00
    114.23     -85.14       1.00
    115.71    -145.51       1.00
    115.71     -67.59       1.00
    116.88     -58.60       1.00
    116.88      90.16       1.00
    116.95     -64.27       1.00
    116.95      90.15       1.00
    116.96     -98.37       1.00
    116.96     -80.12       1.00
    117.54     -71.42       1.00
    117.54     174.02       1.00
    118.23     -87.68       1.00
    118.23     -83.10       1.00
    119.83     -84.47       1.00
    119.83     101.95       1.00
    119.92     -81.02       1.00
    119.92     -75.15       1.00
    119.96     -61.62       1.00
    119.96     107.54       1.00
    120.11    -111.53       1.00
    120.11     -76.37       1.00
    132.04    -126.25       1.00
    132.04      68.21       1.00
    152.69     -89.95       1.00
    152.69     -48.85       1.00
