   -90.000       0.00
    90.000       0.00
   180.000       5.89 -607502.958375
  -165.000       5.62 -607503.229140
  -150.000       4.81 -607504.038170
  -135.000       3.54 -607505.315368
  -120.000       2.03 -607506.819894
  -105.000       0.71 -607508.139954
   -90.000       0.02 -607508.826220
   -75.000       0.40 -607508.455104
   -60.000       1.95 -607506.901344
   -45.000       4.32 -607504.526255
   -30.000       7.18 -607501.674912
   -15.000       9.55 -607499.298701
     0.000      10.50 -607498.353814
    15.000       9.55 -607499.298701
    30.000       7.18 -607501.674912
    45.000       4.32 -607504.526255
    60.000       1.95 -607506.901344
    75.000       0.40 -607508.455104
    90.000       0.02 -607508.826220
   105.000       0.71 -607508.139954
   120.000       2.03 -607506.819894
   135.000       3.54 -607505.315368
   150.000       4.81 -607504.038170
   165.000       5.62 -607503.229140
   180.000       5.89 -607502.958375
