   -90.000       0.00
    90.000       1.05
   180.000       6.11 -607504.872164
  -165.000       5.96 -607505.025091
  -150.000       5.25 -607505.737171
  -135.000       3.99 -607506.994235
  -120.000       2.41 -607508.573492
  -105.000       0.94 -607510.044940
   -90.000       0.07 -607510.915220
   -75.000       0.28 -607510.701663
   -60.000       1.72 -607509.270239
   -45.000       3.99 -607507.000872
   -30.000       6.63 -607504.353459
   -15.000       8.72 -607502.266715
     0.000       9.43 -607501.558841
    15.000       8.74 -607502.246269
    30.000       7.04 -607503.942076
    45.000       4.91 -607506.080913
    60.000       2.85 -607508.136302
    75.000       1.41 -607509.575981
    90.000       1.06 -607509.921686
   105.000       1.58 -607509.403029
   120.000       2.64 -607508.343053
   135.000       3.89 -607507.092448
   150.000       5.01 -607505.980704
   165.000       5.78 -607505.210847
   180.000       6.11 -607504.872164
