   -90.000       0.00
    90.000       1.01
   180.000       7.05 -669156.488412
  -165.000       6.87 -669156.667192
  -150.000       5.98 -669157.552648
  -135.000       4.47 -669159.066861
  -120.000       2.63 -669160.904159
  -105.000       0.97 -669162.561473
   -90.000       0.05 -669163.486607
   -75.000       0.43 -669163.099936
   -60.000       2.21 -669161.322837
   -45.000       4.90 -669158.633566
   -30.000       7.95 -669155.581574
   -15.000      10.30 -669153.230189
     0.000      11.10 -669152.429872
    15.000      10.30 -669153.237708
    30.000       8.32 -669155.215733
    45.000       5.87 -669157.664047
    60.000       3.48 -669160.058031
    75.000       1.63 -669161.903514
    90.000       1.01 -669162.524629
   105.000       1.47 -669162.059270
   120.000       2.65 -669160.883427
   135.000       4.14 -669159.397451
   150.000       5.54 -669157.995848
   165.000       6.57 -669156.966706
   180.000       7.05 -669156.488412
