   -90.000       0.00
    90.000       0.00
   180.000       7.06 -915765.167816
  -165.000       6.38 -915765.848129
  -150.000       4.80 -915767.435596
  -135.000       2.84 -915769.393792
  -120.000       1.02 -915771.215107
  -105.000       0.03 -915772.197488
   -90.000       0.54 -915771.693573
   -75.000       2.61 -915769.621828
   -60.000       5.89 -915766.340535
   -45.000       9.91 -915762.320123
   -30.000      13.86 -915758.367027
   -15.000      16.90 -915755.326946
     0.000      18.24 -915753.989485
    15.000      16.90 -915755.326946
    30.000      13.86 -915758.367027
    45.000       9.91 -915762.320123
    60.000       5.89 -915766.340535
    75.000       2.61 -915769.621828
    90.000       0.54 -915771.693573
   105.000       0.03 -915772.197488
   120.000       1.02 -915771.215107
   135.000       2.84 -915769.393792
   150.000       4.80 -915767.435596
   165.000       6.38 -915765.848129
   180.000       7.06 -915765.167816
