   180.000       7.23 -730815.139474
  -165.000       6.83 -730815.537775
  -150.000       5.74 -730816.630325
  -135.000       4.14 -730818.228333
  -120.000       2.33 -730820.037499
  -105.000       0.77 -730821.595536
   -90.000       0.01 -730822.361239
   -75.000       0.66 -730821.705658
   -60.000       2.65 -730819.722694
   -45.000       5.22 -730817.151485
   -30.000       8.04 -730814.330178
   -15.000      10.29 -730812.075412
     0.000      11.16 -730811.211781
    15.000      10.29 -730812.075412
    30.000       8.04 -730814.330178
    45.000       5.22 -730817.151485
    60.000       2.65 -730819.722694
    75.000       0.66 -730821.705658
    90.000       0.01 -730822.361239
   105.000       0.77 -730821.595536
   120.000       2.33 -730820.037499
   135.000       4.14 -730818.228333
   150.000       5.74 -730816.630325
   165.000       6.83 -730815.537775
   180.000       7.23 -730815.139474
