  -150.000       5.22 -669158.187570
  -140.000       4.32 -669159.093995
  -130.000       3.27 -669160.144674
  -120.000       2.17 -669161.239187
  -110.000       1.16 -669162.246271
  -100.000       0.39 -669163.020437
   -90.000       0.01 -669163.399761
   -80.000       0.22 -669163.194989
   -70.000       1.05 -669162.361140
   -60.000       2.29 -669161.116346
   -50.000       3.77 -669159.644053
   -40.000       5.42 -669157.990168
   -30.000       7.12 -669156.290276
   -20.000       8.61 -669154.805783
   -10.000       9.62 -669153.789906
     0.000       9.98 -669153.426402
    10.000       9.62 -669153.789906
    20.000       8.61 -669154.805783
    30.000       7.12 -669156.290276
    40.000       5.42 -669157.990168
    50.000       3.77 -669159.644053
    60.000       2.29 -669161.116346
    70.000       1.05 -669162.361140
    80.000       0.22 -669163.194989
    90.000       0.01 -669163.399761
   100.000       0.39 -669163.020437
   110.000       1.16 -669162.246271
   120.000       2.17 -669161.239187
   130.000       3.27 -669160.144674
   140.000       4.32 -669159.093995
   150.000       5.22 -669158.187570
   160.000       5.92 -669157.490335
   170.000       6.36 -669157.046731
   180.000       6.52 -669156.893452
