  -150.000       6.07 -730799.967923
  -140.000       4.94 -730801.089729
  -130.000       3.69 -730802.347208
  -120.000       2.42 -730803.618217
  -110.000       1.28 -730804.758263
  -100.000       0.42 -730805.615085
   -90.000       0.01 -730806.022503
   -80.000       0.23 -730805.802729
   -70.000       1.08 -730804.955663
   -60.000       2.48 -730803.556529
   -50.000       4.25 -730801.780927
   -40.000       6.20 -730799.835046
   -30.000       8.13 -730797.903555
   -20.000       9.77 -730796.261652
   -10.000      10.88 -730795.157174
     0.000      11.27 -730794.763327
    10.000      10.88 -730795.157174
    20.000       9.77 -730796.261652
    30.000       8.13 -730797.903555
    40.000       6.20 -730799.835046
    50.000       4.25 -730801.780927
    60.000       2.48 -730803.556529
    70.000       1.08 -730804.955663
    80.000       0.23 -730805.802729
    90.000       0.01 -730806.022503
   100.000       0.42 -730805.615085
   110.000       1.28 -730804.758263
   120.000       2.42 -730803.618217
   130.000       3.69 -730802.347208
   140.000       4.94 -730801.089729
   150.000       6.07 -730799.967923
   160.000       6.96 -730799.075311
   170.000       7.54 -730798.490471
   180.000       7.75 -730798.284719
