   -90.000       0.00
    90.000       0.58
   180.000       6.63 -1119056.013833
  -165.000       6.50 -1119056.152003
  -150.000       5.60 -1119057.043848
  -135.000       4.02 -1119058.633333
  -120.000       2.05 -1119060.599943
  -105.000       0.39 -1119062.261142
   -90.000       0.10 -1119062.548069
   -75.000       1.23 -1119061.417978
   -60.000       3.30 -1119059.351540
   -45.000       6.09 -1119056.556402
   -30.000       9.19 -1119053.460165
   -15.000      11.40 -1119051.252434
     0.000      11.73 -1119050.914501
    15.000      10.19 -1119052.453751
    30.000       7.43 -1119055.222619
    45.000       4.56 -1119058.093092
    60.000       2.39 -1119060.261165
    75.000       0.96 -1119061.684667
    90.000       0.60 -1119062.051751
   105.000       1.20 -1119061.445245
   120.000       2.42 -1119060.227320
   135.000       3.85 -1119058.801508
   150.000       5.15 -1119057.501818
   165.000       6.13 -1119056.518967
   180.000       6.63 -1119056.013833
