   -90.000       0.00
    90.000       0.75
   180.000       5.84 -832458.901941
  -165.000       5.67 -832459.069122
  -150.000       4.91 -832459.824980
  -135.000       3.58 -832461.158801
  -120.000       1.90 -832462.837982
  -105.000       0.43 -832464.309087
   -90.000       0.03 -832464.704609
   -75.000       0.84 -832463.896570
   -60.000       2.50 -832462.241074
   -45.000       4.90 -832459.839980
   -30.000       7.67 -832457.069952
   -15.000       9.70 -832455.035005
     0.000      10.05 -832454.686032
    15.000       8.74 -832455.994216
    30.000       6.38 -832458.355028
    45.000       3.96 -832460.779748
    60.000       2.13 -832462.606702
    75.000       0.97 -832463.765106
    90.000       0.79 -832463.944771
   105.000       1.42 -832463.314715
   120.000       2.52 -832462.213086
   135.000       3.73 -832461.004099
   150.000       4.77 -832459.966004
   165.000       5.50 -832459.234884
   180.000       5.84 -832458.901941
