    90.000       0.00
   -90.000       0.00
   180.000       6.96 -897045.111363
  -165.000       7.92 -897044.148811
  -150.000       3.63 -897048.442847
  -135.000       2.61 -897049.455137
  -120.000       1.74 -897050.326428
  -105.000       2.82 -897049.244700
   -90.000       1.21 -897050.853578
   -75.000       0.00 -897052.068172
   -60.000       8.35 -897043.717911
   -45.000       3.29 -897048.783015
   -30.000       8.98 -897043.091716
   -15.000      11.55 -897040.518073
     0.000      12.76 -897039.305193
    15.000      12.12 -897039.945290
    30.000      10.03 -897042.035955
    45.000       7.40 -897044.670226
    60.000       0.80 -897051.270491
    75.000       1.90 -897050.172592
    90.000       2.18 -897049.887937
   105.000       4.34 -897047.728532
   120.000       5.57 -897046.495116
   135.000       4.86 -897047.204613
   150.000       6.45 -897045.614233
   165.000      14.17 -897037.898146
   180.000       6.97 -897045.096925
