  -150.000       4.18 -545861.066427
  -140.000       3.57 -545861.672415
  -130.000       2.81 -545862.434472
  -120.000       1.97 -545863.279541
  -110.000       1.15 -545864.097831
  -100.000       0.48 -545864.765744
   -90.000       0.08 -545865.170995
   -80.000       0.03 -545865.213927
   -70.000       0.45 -545864.792073
   -60.000       1.35 -545863.895495
   -50.000       2.62 -545862.624175
   -40.000       4.17 -545861.072156
   -30.000       5.84 -545859.403619
   -20.000       7.36 -545857.887872
   -10.000       8.44 -545856.811918
     0.000       8.83 -545856.415165
    10.000       8.44 -545856.811918
    20.000       7.36 -545857.887872
    30.000       5.84 -545859.403619
    40.000       4.17 -545861.072156
    50.000       2.62 -545862.624175
    60.000       1.35 -545863.895495
    70.000       0.45 -545864.792073
    80.000       0.03 -545865.213927
    90.000       0.08 -545865.170995
   100.000       0.48 -545864.765744
   110.000       1.15 -545864.097831
   120.000       1.97 -545863.279541
   130.000       2.81 -545862.434472
   140.000       3.57 -545861.672415
   150.000       4.18 -545861.066427
   160.000       4.60 -545860.645451
   170.000       4.84 -545860.404759
   180.000       4.92 -545860.327363
