  -165.000 -545865.064496
  -150.000 -545864.571114
  -135.000 -545864.032757
  -120.000 -545863.757720
  -105.000 -545863.935882
   -90.000 -545864.470753
   -75.000 -545865.019424
   -60.000 -545865.246934
   -45.000 -545865.036880
   -30.000 -545864.528205
   -15.000 -545864.007542
     0.000 -545863.757174
    15.000 -545863.922267
    30.000 -545864.422808
    45.000 -545864.972151
    60.000 -545865.243256
    75.000 -545865.080381
    90.000 -545864.582915
   105.000 -545864.033817
   120.000 -545863.757771
   135.000 -545863.936401
   150.000 -545864.463182
   165.000 -545865.005727
   180.000 -545865.246045
